Model: MLP(
  (fc1): Linear(in_features=68, out_features=64, bias=True)
  (fc2): Linear(in_features=64, out_features=64, bias=True)
  (fc3): Linear(in_features=64, out_features=32, bias=True)
  (fc4): Linear(in_features=32, out_features=4, bias=True)
  (dropout): Dropout(p=0.2, inplace=False)
)
{"train_loss": [0.40253910422325134, 0.3301105201244354, 0.3233502507209778, 0.3197646141052246, 0.31795793771743774, 0.31631365418434143, 0.31486648321151733, 0.31286683678627014, 0.31196197867393494, 0.3106923997402191, 0.3100907802581787, 0.3083436191082001, 0.30762800574302673, 0.30746904015541077, 0.30600181221961975, 0.30480146408081055, 0.30407679080963135, 0.30358022451400757], "train_p_loss": [0.24122053384780884, 0.1454313099384308, 0.12999653816223145, 0.12777458131313324, 0.12175429612398148, 0.12115329504013062, 0.11755134910345078, 0.11482969671487808, 0.11266786605119705, 0.10927587002515793, 0.11078774929046631, 0.10397906601428986, 0.10315024852752686, 0.10636842250823975, 0.0998583436012268, 0.09777863323688507, 0.09472266584634781, 0.09530431777238846], "train_T_loss": [0.20486584305763245, 0.13091197609901428, 0.12379863858222961, 0.1196710392832756, 0.11853785067796707, 0.11732427775859833, 0.11587553471326828, 0.11242680996656418, 0.11210475862026215, 0.1115245670080185, 0.11093753576278687, 0.11000433564186096, 0.11098528653383255, 0.11012077331542969, 0.11062734574079514, 0.1066611111164093, 0.1074535995721817, 0.10725843906402588], "train_rh_loss": [0.3459218144416809, 0.2577439248561859, 0.24817350506782532, 0.2408655434846878, 0.23936162889003754, 0.23586322367191315, 0.2338203489780426, 0.231228306889534, 0.23069187998771667, 0.22910496592521667, 0.2274799346923828, 0.22577102482318878, 0.22307467460632324, 0.2224239557981491, 0.22043196856975555, 0.22010178864002228, 0.21995224058628082, 0.21912938356399536], "train_wv_loss": [0.6015468239784241, 0.558544397354126, 0.5556487441062927, 0.5526763796806335, 0.550768256187439, 0.5488786697387695, 0.5480871200561523, 0.5461384654045105, 0.5452979803085327, 0.5442268252372742, 0.5430800318717957, 0.5423574447631836, 0.541728675365448, 0.5407394766807556, 0.5397754907608032, 0.538942277431488, 0.5382991433143616, 0.5372599959373474], "epoch": [0, 0, 1, 1, 2, 2, 3, 3, 4, 4, 5, 5, 6, 6, 7, 7, 8, 8, 9, 9, 10, 10, 11, 11, 12, 12, 13, 13, 14, 14, 15, 15, 16, 16, 17, 17, 17], "val_loss": [0.3419784605503082, 0.328693687915802, 0.3227495849132538, 0.3189145028591156, 0.3182533085346222, 0.3143133521080017, 0.31309399008750916, 0.31257539987564087, 0.3121950328350067, 0.3127056956291199, 0.31255239248275757, 0.31114017963409424, 0.310329407453537, 0.31105923652648926, 0.3119921386241913, 0.3131570816040039, 0.31297147274017334, 0.3131277859210968], "val_p_loss": [0.13482071459293365, 0.1243099793791771, 0.11968611180782318, 0.11178870499134064, 0.10719955712556839, 0.1052786186337471, 0.09959551692008972, 0.09633617848157883, 0.10297851264476776, 0.10620784759521484, 0.10802876204252243, 0.09624617546796799, 0.09489164501428604, 0.09244231879711151, 0.09450414776802063, 0.09748085588216782, 0.09824468195438385, 0.10720499604940414], "val_T_loss": [0.2034282237291336, 0.17923343181610107, 0.1537032425403595, 0.14569512009620667, 0.14264878630638123, 0.1208404004573822, 0.12480282038450241, 0.12169206142425537, 0.12449449300765991, 0.12658041715621948, 0.11834106594324112, 0.11762233823537827, 0.12235237658023834, 0.12076105177402496, 0.12277597188949585, 0.12875598669052124, 0.12009403854608536, 0.1126921996474266], "val_rh_loss": [0.2789541184902191, 0.26224184036254883, 0.25699424743652344, 0.2539711594581604, 0.25201696157455444, 0.24687200784683228, 0.2427779585123062, 0.24101610481739044, 0.2363625317811966, 0.23680682480335236, 0.2372707575559616, 0.23767277598381042, 0.23361696302890778, 0.2327214777469635, 0.2315552681684494, 0.23270432651042938, 0.23243370652198792, 0.23307935893535614], "val_wv_loss": [0.5583115816116333, 0.5456930994987488, 0.5459463596343994, 0.5440426468849182, 0.5451116561889648, 0.545293927192688, 0.5447351336479187, 0.5451212525367737, 0.5440396666526794, 0.5438376665115356, 0.5451410412788391, 0.5444963574409485, 0.5433047413825989, 0.546517014503479, 0.5483940243721008, 0.5480068922042847, 0.5499390363693237, 0.5495750904083252], "test_loss": [0.3071308434009552], "test_p_loss": [0.09116348624229431], "test_T_loss": [0.12994152307510376], "test_rh_loss": [0.23235607147216797], "test_wv_loss": [0.5360000133514404]}
Lowest training loss: 0.30358022451400757
Lowest validation loss: 0.310329407453537
Test loss: [{'test_loss': 0.3071308434009552, 'test_p_loss': 0.09116348624229431, 'test_T_loss': 0.12994152307510376, 'test_rh_loss': 0.23235607147216797, 'test_wv_loss': 0.5360000133514404}]