Model: MLP(
  (fc1): Linear(in_features=68, out_features=64, bias=True)
  (fc2): Linear(in_features=64, out_features=64, bias=True)
  (fc3): Linear(in_features=64, out_features=32, bias=True)
  (fc4): Linear(in_features=32, out_features=4, bias=True)
  (dropout): Dropout(p=0.2, inplace=False)
)
{"train_loss": [0.4050706624984741, 0.32775482535362244, 0.3212999701499939, 0.3181402087211609, 0.3162555694580078, 0.3149946630001068, 0.3137631416320801, 0.31379812955856323, 0.3118583559989929, 0.31066206097602844, 0.31002822518348694, 0.3101288974285126, 0.30784380435943604], "train_p_loss": [0.2553755044937134, 0.13927215337753296, 0.1338273137807846, 0.125294029712677, 0.12093538790941238, 0.11487580090761185, 0.11316975206136703, 0.11236298084259033, 0.10923943668603897, 0.10859747976064682, 0.1129971370100975, 0.11224342882633209, 0.10658325999975204], "train_T_loss": [0.21073436737060547, 0.1272505521774292, 0.11739389598369598, 0.11803039163351059, 0.11653748899698257, 0.11838097870349884, 0.11718250066041946, 0.11899451911449432, 0.11679260432720184, 0.11453517526388168, 0.11330705881118774, 0.11431752145290375, 0.11002783477306366], "train_rh_loss": [0.34217560291290283, 0.2495531141757965, 0.2402055710554123, 0.2355353832244873, 0.23465494811534882, 0.2336525171995163, 0.23192310333251953, 0.23414841294288635, 0.23086673021316528, 0.2289830595254898, 0.22668857872486115, 0.22564764320850372, 0.22356131672859192], "train_wv_loss": [0.6015098690986633, 0.5617325901985168, 0.5552746653556824, 0.5521775484085083, 0.5499447584152222, 0.5482919216156006, 0.5471996068954468, 0.545796811580658, 0.5444439649581909, 0.5436763763427734, 0.5421635508537292, 0.5419278740882874, 0.5409511923789978], "epoch": [0, 0, 1, 1, 2, 2, 3, 3, 4, 4, 5, 5, 6, 6, 7, 7, 8, 8, 9, 9, 10, 10, 11, 11, 12, 12, 12], "val_loss": [0.34597471356391907, 0.3259270489215851, 0.3220709264278412, 0.3185538947582245, 0.3227875232696533, 0.3186313211917877, 0.3203023374080658, 0.31583431363105774, 0.3201132118701935, 0.3222765028476715, 0.32316866517066956, 0.3172919452190399, 0.31801673769950867], "val_p_loss": [0.13113795220851898, 0.12495630234479904, 0.11282211542129517, 0.10462156683206558, 0.10568534582853317, 0.10582877695560455, 0.11056510359048843, 0.09262483566999435, 0.1042691245675087, 0.115453340113163, 0.13383477926254272, 0.10995548218488693, 0.10313403606414795], "val_T_loss": [0.2033906728029251, 0.14394155144691467, 0.13936053216457367, 0.13817912340164185, 0.14848113059997559, 0.13458780944347382, 0.1335471272468567, 0.13053295016288757, 0.13677942752838135, 0.14728829264640808, 0.1400843858718872, 0.13952744007110596, 0.15468063950538635], "val_rh_loss": [0.2766015827655792, 0.2651560604572296, 0.26216116547584534, 0.25459861755371094, 0.25024595856666565, 0.24735227227210999, 0.24932007491588593, 0.24164129793643951, 0.24178123474121094, 0.24099625647068024, 0.23938754200935364, 0.232746422290802, 0.23252330720424652], "val_wv_loss": [0.5704140067100525, 0.551771342754364, 0.5493808388710022, 0.5468327403068542, 0.5547018051147461, 0.5514141917228699, 0.5536794066429138, 0.5512487292289734, 0.5565755367279053, 0.5551955103874207, 0.5554534196853638, 0.5512837171554565, 0.5498648881912231], "test_loss": [0.3148306608200073], "test_p_loss": [0.09029629081487656], "test_T_loss": [0.13848645985126495], "test_rh_loss": [0.24471676349639893], "test_wv_loss": [0.5460494160652161]}
Lowest training loss: 0.30784380435943604
Lowest validation loss: 0.31583431363105774
Test loss: [{'test_loss': 0.3148306608200073, 'test_p_loss': 0.09029629081487656, 'test_T_loss': 0.13848645985126495, 'test_rh_loss': 0.24471676349639893, 'test_wv_loss': 0.5460494160652161}]