Model: CNN(
  (conv1): Conv1d(17, 32, kernel_size=(2,), stride=(1,))
  (conv2): Conv1d(32, 64, kernel_size=(2,), stride=(1,))
  (pooling): MaxPool1d(kernel_size=2, stride=2, padding=0, dilation=1, ceil_mode=False)
  (fc): Linear(in_features=64, out_features=32, bias=True)
  (fc2): Linear(in_features=32, out_features=4, bias=True)
)
{"train_loss": [0.5087450742721558, 0.4163622558116913, 0.40263044834136963, 0.3943011164665222, 0.38935136795043945, 0.3868315815925598, 0.3833733797073364, 0.38101327419281006, 0.3787691295146942, 0.37723273038864136, 0.37604910135269165, 0.37467771768569946, 0.3735487461090088, 0.37250402569770813, 0.3715764582157135, 0.3706243336200714, 0.3699071705341339, 0.3689355254173279, 0.36872053146362305, 0.3677927851676941, 0.36721622943878174], "train_p_loss": [0.3230960965156555, 0.18606548011302948, 0.1763642132282257, 0.16815760731697083, 0.16317203640937805, 0.16400016844272614, 0.15735940635204315, 0.15527287125587463, 0.1510312259197235, 0.14885638654232025, 0.1474171131849289, 0.1438169777393341, 0.14183607697486877, 0.13997018337249756, 0.1382444202899933, 0.13759416341781616, 0.13650694489479065, 0.133772075176239, 0.13470637798309326, 0.13260740041732788, 0.13211485743522644], "train_T_loss": [0.27044492959976196, 0.2044365257024765, 0.18577587604522705, 0.17455492913722992, 0.16871941089630127, 0.16407746076583862, 0.16023753583431244, 0.15741127729415894, 0.1554107367992401, 0.15324275195598602, 0.15255412459373474, 0.15172500908374786, 0.15039566159248352, 0.14977286756038666, 0.14839866757392883, 0.1464131474494934, 0.14580705761909485, 0.14515067636966705, 0.14504507184028625, 0.144039124250412, 0.1431325525045395], "train_rh_loss": [0.5009371042251587, 0.3873087167739868, 0.36338797211647034, 0.35152649879455566, 0.3442918360233307, 0.3402077257633209, 0.33604946732521057, 0.33231228590011597, 0.32987329363822937, 0.3280552327632904, 0.3265627324581146, 0.3258710503578186, 0.32450541853904724, 0.3229677081108093, 0.32252037525177, 0.32109031081199646, 0.32068485021591187, 0.32027941942214966, 0.320016473531723, 0.31865811347961426, 0.3183230459690094], "train_wv_loss": [0.7067732810974121, 0.6577414274215698, 0.6476088166236877, 0.64104825258255, 0.6369489431381226, 0.633812427520752, 0.6313744783401489, 0.6293156743049622, 0.6274785399436951, 0.6262291073799133, 0.6247513294219971, 0.6235092878341675, 0.6225994229316711, 0.6217822432518005, 0.6207987070083618, 0.6200941801071167, 0.6191352009773254, 0.6181633472442627, 0.6175044178962708, 0.6169262528419495, 0.6162086129188538], "epoch": [0, 0, 1, 1, 2, 2, 3, 3, 4, 4, 5, 5, 6, 6, 7, 7, 8, 8, 9, 9, 10, 10, 11, 11, 12, 12, 13, 13, 14, 14, 15, 15, 16, 16, 17, 17, 18, 18, 19, 19, 20, 20, 20], "val_loss": [0.4572784900665283, 0.42701131105422974, 0.41701841354370117, 0.4116598963737488, 0.4053018391132355, 0.40502068400382996, 0.40057888627052307, 0.3984508216381073, 0.397036612033844, 0.3968028128147125, 0.3950587213039398, 0.39389413595199585, 0.39385986328125, 0.3933286964893341, 0.393065869808197, 0.38999441266059875, 0.39200055599212646, 0.39187341928482056, 0.39065513014793396, 0.3901597559452057, 0.39053216576576233], "val_p_loss": [0.19257520139217377, 0.17554116249084473, 0.16453273594379425, 0.16059766709804535, 0.1563766598701477, 0.15356311202049255, 0.1527974009513855, 0.1498110145330429, 0.14861807227134705, 0.14536873996257782, 0.14281466603279114, 0.1401689201593399, 0.13904966413974762, 0.135349303483963, 0.13554951548576355, 0.1330871731042862, 0.13588836789131165, 0.13391132652759552, 0.13496999442577362, 0.13529400527477264, 0.13315030932426453], "val_T_loss": [0.29066210985183716, 0.2542210519313812, 0.22609880566596985, 0.20771469175815582, 0.1953589767217636, 0.19968508183956146, 0.19412794709205627, 0.1904272884130478, 0.19114525616168976, 0.19218911230564117, 0.19014360010623932, 0.18621322512626648, 0.183322474360466, 0.1844804286956787, 0.1834993213415146, 0.17850619554519653, 0.18357667326927185, 0.18354588747024536, 0.1777907758951187, 0.1766253262758255, 0.1779864877462387], "val_rh_loss": [0.45388656854629517, 0.41379427909851074, 0.3964092433452606, 0.39281606674194336, 0.38227272033691406, 0.37605661153793335, 0.3683747947216034, 0.3656483590602875, 0.36321887373924255, 0.3620889484882355, 0.35773006081581116, 0.3582264184951782, 0.3581155836582184, 0.35759299993515015, 0.35588812828063965, 0.3569331467151642, 0.35684099793434143, 0.3522300720214844, 0.3521229326725006, 0.3495469093322754, 0.34887051582336426], "val_wv_loss": [0.6822920441627502, 0.6547877788543701, 0.6569423675537109, 0.6545824408531189, 0.650810182094574, 0.6530197858810425, 0.6479583382606506, 0.6463501453399658, 0.6438232660293579, 0.6441747546195984, 0.6439783573150635, 0.6428812742233276, 0.6437644362449646, 0.6429706811904907, 0.6439382433891296, 0.638185441493988, 0.6404833793640137, 0.6431787610054016, 0.6421153545379639, 0.6428182721138, 0.6439335346221924], "test_loss": [0.3844558894634247], "test_p_loss": [0.12377077341079712], "test_T_loss": [0.19017279148101807], "test_rh_loss": [0.3565785884857178], "test_wv_loss": [0.6235582232475281]}
Lowest training loss: 0.36721622943878174
Lowest validation loss: 0.38999441266059875
Test loss: [{'test_loss': 0.3844558894634247, 'test_p_loss': 0.12377077341079712, 'test_T_loss': 0.19017279148101807, 'test_rh_loss': 0.3565785884857178, 'test_wv_loss': 0.6235582232475281}]