Model: MLP(
  (fc1): Linear(in_features=119, out_features=64, bias=True)
  (fc2): Linear(in_features=64, out_features=64, bias=True)
  (fc3): Linear(in_features=64, out_features=32, bias=True)
  (fc4): Linear(in_features=32, out_features=4, bias=True)
  (dropout): Dropout(p=0.2, inplace=False)
)
{"train_loss": [0.4163611829280853, 0.33716636896133423, 0.3257220983505249, 0.3221883177757263, 0.3194141387939453, 0.31960329413414, 0.31829074025154114, 0.31414416432380676, 0.3140445053577423, 0.3128872811794281, 0.31248924136161804, 0.3101811707019806, 0.30886563658714294], "train_p_loss": [0.276530385017395, 0.16854055225849152, 0.1429106891155243, 0.1341329962015152, 0.12806326150894165, 0.12941297888755798, 0.13207599520683289, 0.11773049086332321, 0.12110989540815353, 0.1176549643278122, 0.12031081318855286, 0.10941245406866074, 0.10986555367708206], "train_T_loss": [0.21530507504940033, 0.13797685503959656, 0.12670087814331055, 0.12443229556083679, 0.12148430943489075, 0.12803667783737183, 0.12281633168458939, 0.11899912357330322, 0.11820819973945618, 0.11858569085597992, 0.11824473738670349, 0.11172491312026978, 0.11025287210941315], "train_rh_loss": [0.3593333065509796, 0.25984853506088257, 0.24652768671512604, 0.24408462643623352, 0.24000278115272522, 0.23617683351039886, 0.2348761111497879, 0.23172025382518768, 0.23172441124916077, 0.23058351874351501, 0.2288910299539566, 0.23064172267913818, 0.22880415618419647], "train_wv_loss": [0.6090947985649109, 0.5651822090148926, 0.5573102235794067, 0.5538232922554016, 0.5513001084327698, 0.5500226616859436, 0.5478646159172058, 0.5460667610168457, 0.5448573231697083, 0.5439200401306152, 0.5426214337348938, 0.5418440699577332, 0.5405698418617249], "epoch": [0, 0, 1, 1, 2, 2, 3, 3, 4, 4, 5, 5, 6, 6, 7, 7, 8, 8, 9, 9, 10, 10, 11, 11, 12, 12, 12], "val_loss": [0.360750675201416, 0.34400472044944763, 0.33306390047073364, 0.3252698481082916, 0.32114583253860474, 0.3178738057613373, 0.3170199990272522, 0.31496837735176086, 0.3151993155479431, 0.318307489156723, 0.31726184487342834, 0.31526613235473633, 0.3183963894844055], "val_p_loss": [0.17605595290660858, 0.1586586833000183, 0.14691348373889923, 0.13050934672355652, 0.11318568140268326, 0.11203667521476746, 0.11230809986591339, 0.10293829441070557, 0.1051030158996582, 0.10479816794395447, 0.10630934685468674, 0.10374394804239273, 0.10639484971761703], "val_T_loss": [0.24056373536586761, 0.21572022140026093, 0.17607592046260834, 0.15639352798461914, 0.1543041616678238, 0.14583851397037506, 0.1413559913635254, 0.14195005595684052, 0.14148248732089996, 0.14902161061763763, 0.1406717449426651, 0.14015735685825348, 0.1505044847726822], "val_rh_loss": [0.28953373432159424, 0.26535290479660034, 0.25926536321640015, 0.26066863536834717, 0.25091809034347534, 0.2407044917345047, 0.24690385162830353, 0.24014000594615936, 0.24088789522647858, 0.24281863868236542, 0.24830201268196106, 0.24403667449951172, 0.24281005561351776], "val_wv_loss": [0.5663748383522034, 0.5548227429389954, 0.5530093312263489, 0.5464112162590027, 0.5472784042358398, 0.5470468401908875, 0.5437290668487549, 0.5436841249465942, 0.5438742637634277, 0.5473155379295349, 0.5445050597190857, 0.542696475982666, 0.546358585357666], "test_loss": [0.31369513273239136], "test_p_loss": [0.09357212483882904], "test_T_loss": [0.1587056666612625], "test_rh_loss": [0.23559927940368652], "test_wv_loss": [0.5400843620300293]}
Lowest training loss: 0.30886563658714294
Lowest validation loss: 0.31496837735176086
Test loss: [{'test_loss': 0.31369513273239136, 'test_p_loss': 0.09357212483882904, 'test_T_loss': 0.1587056666612625, 'test_rh_loss': 0.23559927940368652, 'test_wv_loss': 0.5400843620300293}]