Model: MLP(
  (fc1): Linear(in_features=136, out_features=64, bias=True)
  (fc2): Linear(in_features=64, out_features=64, bias=True)
  (fc3): Linear(in_features=64, out_features=32, bias=True)
  (fc4): Linear(in_features=32, out_features=4, bias=True)
  (dropout): Dropout(p=0.2, inplace=False)
)
{"train_loss": [0.4122304916381836, 0.337891548871994, 0.32806211709976196, 0.3234565556049347, 0.32028844952583313, 0.32139527797698975, 0.31758663058280945, 0.31699037551879883, 0.3145395815372467, 0.3132700026035309, 0.3113252520561218, 0.31005623936653137, 0.3104279339313507, 0.31063225865364075, 0.3092997968196869, 0.3078385591506958, 0.30797889828681946, 0.3068307638168335, 0.30559590458869934, 0.3041156530380249, 0.3032160997390747, 0.30297139286994934], "train_p_loss": [0.26723939180374146, 0.171387180685997, 0.14741827547550201, 0.14134365320205688, 0.1360548585653305, 0.1384272277355194, 0.13230307400226593, 0.13556024432182312, 0.12743708491325378, 0.12547948956489563, 0.12116634845733643, 0.11406344175338745, 0.12125594913959503, 0.11530624330043793, 0.11487598717212677, 0.10883382707834244, 0.11046754568815231, 0.1118905246257782, 0.11055783182382584, 0.10818737745285034, 0.10598941892385483, 0.10627371817827225], "train_T_loss": [0.20638790726661682, 0.14412078261375427, 0.13178090751171112, 0.12861883640289307, 0.1226598247885704, 0.12506718933582306, 0.11795220524072647, 0.117585688829422, 0.11625935137271881, 0.11340760439634323, 0.1111924797296524, 0.11311368644237518, 0.10873498022556305, 0.11254440248012543, 0.11348388344049454, 0.11221218854188919, 0.11802005767822266, 0.10883400589227676, 0.10937231034040451, 0.10548914968967438, 0.10706307739019394, 0.10815078765153885], "train_rh_loss": [0.36098963022232056, 0.26204603910446167, 0.24959851801395416, 0.24067944288253784, 0.23716053366661072, 0.23876751959323883, 0.2343403846025467, 0.23114632070064545, 0.2301308512687683, 0.22969405353069305, 0.22640715539455414, 0.2269403338432312, 0.22776202857494354, 0.23190653324127197, 0.22654493153095245, 0.2281726747751236, 0.22372731566429138, 0.22597044706344604, 0.2220699042081833, 0.22180479764938354, 0.21890662610530853, 0.21733780205249786], "train_wv_loss": [0.6098666787147522, 0.5617261528968811, 0.558086097240448, 0.5538274049758911, 0.5515956878662109, 0.5499414801597595, 0.5481128692626953, 0.5470374226570129, 0.5453396439552307, 0.5439537763595581, 0.5429441332817078, 0.5417625308036804, 0.5406513214111328, 0.5398285388946533, 0.538780689239502, 0.537930428981781, 0.537323534488678, 0.5364864468574524, 0.5359894037246704, 0.5343663692474365, 0.5340339541435242, 0.5332518815994263], "epoch": [0, 0, 1, 1, 2, 2, 3, 3, 4, 4, 5, 5, 6, 6, 7, 7, 8, 8, 9, 9, 10, 10, 11, 11, 12, 12, 13, 13, 14, 14, 15, 15, 16, 16, 17, 17, 18, 18, 19, 19, 20, 20, 21, 21, 21], "val_loss": [0.3556057810783386, 0.33382174372673035, 0.32717180252075195, 0.3276410400867462, 0.32537510991096497, 0.32377293705940247, 0.32621997594833374, 0.31979358196258545, 0.31846943497657776, 0.32103168964385986, 0.3209996223449707, 0.31939443945884705, 0.31597375869750977, 0.31230428814888, 0.31514400243759155, 0.3144642114639282, 0.310764342546463, 0.311242938041687, 0.3145139813423157, 0.3130474388599396, 0.31151282787323, 0.3129497766494751], "val_p_loss": [0.18413910269737244, 0.17268438637256622, 0.153670072555542, 0.16609223186969757, 0.16023004055023193, 0.13000258803367615, 0.14324213564395905, 0.12049996852874756, 0.12305241078138351, 0.12056359648704529, 0.11429101228713989, 0.11642887443304062, 0.10596718639135361, 0.10275845229625702, 0.10553783178329468, 0.1050419881939888, 0.10561385005712509, 0.09897240996360779, 0.10826373100280762, 0.09539534151554108, 0.09830248355865479, 0.11103478074073792], "val_T_loss": [0.2571025490760803, 0.17615970969200134, 0.1439971625804901, 0.14819936454296112, 0.15085722506046295, 0.16804732382297516, 0.17373494803905487, 0.16485454142093658, 0.15889884531497955, 0.17421172559261322, 0.1773671656847, 0.16956035792827606, 0.15482383966445923, 0.1461193710565567, 0.15692278742790222, 0.1605510115623474, 0.13928759098052979, 0.14200341701507568, 0.14381656050682068, 0.14648663997650146, 0.1267816722393036, 0.12751083076000214], "val_rh_loss": [0.2769600450992584, 0.257643461227417, 0.26064106822013855, 0.25677481293678284, 0.256466805934906, 0.2551976144313812, 0.2479143738746643, 0.24407470226287842, 0.24332953989505768, 0.24206846952438354, 0.2444581836462021, 0.24625164270401, 0.24231833219528198, 0.23824018239974976, 0.2407337725162506, 0.23605841398239136, 0.23267266154289246, 0.23058848083019257, 0.23539046943187714, 0.23004738986492157, 0.23447035253047943, 0.23533202707767487], "val_wv_loss": [0.546051561832428, 0.545810341835022, 0.5462023615837097, 0.5428852438926697, 0.5400869846343994, 0.5412192344665527, 0.5425462126731873, 0.5390864014625549, 0.5400742888450623, 0.5409054756164551, 0.5398696064949036, 0.5385671257972717, 0.5399299263954163, 0.5364786982536316, 0.5378073453903198, 0.5372059941291809, 0.5366421937942505, 0.5396034717559814, 0.5414304137229919, 0.542902410030365, 0.5436720252037048, 0.5435197949409485], "test_loss": [0.30838441848754883], "test_p_loss": [0.10036531090736389], "test_T_loss": [0.15697266161441803], "test_rh_loss": [0.22764919698238373], "test_wv_loss": [0.5292074084281921]}
Lowest training loss: 0.30297139286994934
Lowest validation loss: 0.310764342546463
Test loss: [{'test_loss': 0.30838441848754883, 'test_p_loss': 0.10036531090736389, 'test_T_loss': 0.15697266161441803, 'test_rh_loss': 0.22764919698238373, 'test_wv_loss': 0.5292074084281921}]