Model: CNN(
  (conv1): Conv1d(17, 32, kernel_size=(2,), stride=(1,))
  (conv2): Conv1d(32, 64, kernel_size=(2,), stride=(1,))
  (pooling): MaxPool1d(kernel_size=2, stride=2, padding=0, dilation=1, ceil_mode=False)
  (fc): Linear(in_features=128, out_features=32, bias=True)
  (fc2): Linear(in_features=32, out_features=4, bias=True)
)
{"train_loss": [0.44230079650878906, 0.35373571515083313, 0.34196236729621887, 0.3361552357673645, 0.3313767910003662, 0.32817181944847107, 0.3252869248390198, 0.32330167293548584, 0.32169538736343384, 0.3200121521949768, 0.31838259100914, 0.31691986322402954, 0.31553027033805847, 0.3143053650856018, 0.31411075592041016, 0.31324470043182373, 0.31227555871009827, 0.31196582317352295, 0.31122592091560364, 0.3108568787574768, 0.3116254210472107, 0.3098398447036743, 0.3103146255016327], "train_p_loss": [0.2806068956851959, 0.17776930332183838, 0.1649981439113617, 0.1563243567943573, 0.14392884075641632, 0.13795462250709534, 0.13403643667697906, 0.13120882213115692, 0.1281110644340515, 0.12625156342983246, 0.12396346032619476, 0.12297739833593369, 0.11995791643857956, 0.11690885573625565, 0.1172599270939827, 0.11552202701568604, 0.1147218719124794, 0.11229322105646133, 0.11373450607061386, 0.11022748798131943, 0.1159651130437851, 0.10857968032360077, 0.11644747108221054], "train_T_loss": [0.22892674803733826, 0.1642121523618698, 0.15030011534690857, 0.14351503551006317, 0.13936465978622437, 0.13634748756885529, 0.13270319998264313, 0.1302114576101303, 0.12757982313632965, 0.1253887265920639, 0.12301579117774963, 0.12177679687738419, 0.11961176991462708, 0.11772430688142776, 0.11817561089992523, 0.1178891509771347, 0.11760347336530685, 0.11834964156150818, 0.1164330393075943, 0.11712822318077087, 0.11717543751001358, 0.1166573241353035, 0.11675655841827393], "train_rh_loss": [0.3998875319957733, 0.2880914807319641, 0.2669936418533325, 0.2582932114601135, 0.2543847858905792, 0.2500997483730316, 0.24460087716579437, 0.2421136051416397, 0.24016308784484863, 0.23697175085544586, 0.2347995787858963, 0.23155629634857178, 0.23008832335472107, 0.22864291071891785, 0.2292303889989853, 0.22768078744411469, 0.22668367624282837, 0.22703801095485687, 0.22715869545936584, 0.22757230699062347, 0.22970983386039734, 0.22675620019435883, 0.22603832185268402], "train_wv_loss": [0.6438225507736206, 0.5789305567741394, 0.5709289312362671, 0.5667344927787781, 0.5627349019050598, 0.5604779124259949, 0.5584449768066406, 0.5565911531448364, 0.555567741394043, 0.5544521808624268, 0.5530869960784912, 0.5518351197242737, 0.5507751107215881, 0.5501148104667664, 0.5490665435791016, 0.5483840107917786, 0.5469256639480591, 0.5465607047080994, 0.5448447465896606, 0.5445703864097595, 0.543491780757904, 0.5431674718856812, 0.5424020886421204], "epoch": [0, 0, 1, 1, 2, 2, 3, 3, 4, 4, 5, 5, 6, 6, 7, 7, 8, 8, 9, 9, 10, 10, 11, 11, 12, 12, 13, 13, 14, 14, 15, 15, 16, 16, 17, 17, 18, 18, 19, 19, 20, 20, 21, 21, 22, 22, 22], "val_loss": [0.3809494972229004, 0.3560537099838257, 0.349239319562912, 0.3421018123626709, 0.33900362253189087, 0.3377123177051544, 0.33745521306991577, 0.33771297335624695, 0.33771440386772156, 0.3343638777732849, 0.3331916630268097, 0.33352741599082947, 0.3317748010158539, 0.32932132482528687, 0.32836249470710754, 0.32878223061561584, 0.3283516466617584, 0.3261827826499939, 0.32819098234176636, 0.3283449411392212, 0.3302769064903259, 0.3267047703266144, 0.3271787166595459], "val_p_loss": [0.186930850148201, 0.15074564516544342, 0.12964488565921783, 0.12293786555528641, 0.11879189312458038, 0.11454276740550995, 0.11625148355960846, 0.11085456609725952, 0.11267238855361938, 0.11483563482761383, 0.11477185785770416, 0.11538657546043396, 0.11306267976760864, 0.11058178544044495, 0.10825520753860474, 0.10781878232955933, 0.11435142904520035, 0.10763242095708847, 0.10782516747713089, 0.10555176436901093, 0.11167523264884949, 0.1087944358587265, 0.11144187301397324], "val_T_loss": [0.2552144229412079, 0.2194746434688568, 0.21944181621074677, 0.20576007664203644, 0.19653165340423584, 0.18813249468803406, 0.18372474610805511, 0.18683311343193054, 0.18957853317260742, 0.18227173388004303, 0.1821686327457428, 0.17802202701568604, 0.17040155827999115, 0.16712982952594757, 0.1662282943725586, 0.1570652276277542, 0.15260563790798187, 0.14855246245861053, 0.14779697358608246, 0.1509314477443695, 0.14885501563549042, 0.1448826789855957, 0.14828817546367645], "val_rh_loss": [0.3281867802143097, 0.2946983277797699, 0.2833830416202545, 0.27281609177589417, 0.2689282298088074, 0.2639211416244507, 0.2605365216732025, 0.2583887279033661, 0.25658658146858215, 0.2549322247505188, 0.2574191391468048, 0.2579502761363983, 0.25189638137817383, 0.25079330801963806, 0.24744127690792084, 0.24985577166080475, 0.24771630764007568, 0.24497321248054504, 0.249549001455307, 0.2500198781490326, 0.2519129514694214, 0.24630384147167206, 0.24739819765090942], "val_wv_loss": [0.5857101082801819, 0.5694765448570251, 0.5655969381332397, 0.5634782910346985, 0.5628231167793274, 0.5668384432792664, 0.5686743259429932, 0.5700654983520508, 0.5692070126533508, 0.564742386341095, 0.5611109733581543, 0.5632004737854004, 0.5658836960792542, 0.5624788403511047, 0.5629824995994568, 0.5657850503921509, 0.5660445094108582, 0.5654234886169434, 0.5683112740516663, 0.5681296586990356, 0.5705362558364868, 0.5671001672744751, 0.5663061141967773], "test_loss": [0.3236110806465149], "test_p_loss": [0.09782315790653229], "test_T_loss": [0.1618443727493286], "test_rh_loss": [0.24588161706924438], "test_wv_loss": [0.5574270486831665]}
Lowest training loss: 0.3098398447036743
Lowest validation loss: 0.3261827826499939
Test loss: [{'test_loss': 0.3236110806465149, 'test_p_loss': 0.09782315790653229, 'test_T_loss': 0.1618443727493286, 'test_rh_loss': 0.24588161706924438, 'test_wv_loss': 0.5574270486831665}]