Model: MLP(
  (fc1): Linear(in_features=85, out_features=64, bias=True)
  (fc2): Linear(in_features=64, out_features=64, bias=True)
  (fc3): Linear(in_features=64, out_features=32, bias=True)
  (fc4): Linear(in_features=32, out_features=4, bias=True)
  (dropout): Dropout(p=0.2, inplace=False)
)
{"train_loss": [0.4050339460372925, 0.3328353464603424, 0.32645994424819946, 0.32190972566604614, 0.3193853795528412, 0.31627753376960754, 0.3151873052120209, 0.31283459067344666, 0.3136974573135376, 0.31097111105918884, 0.31158432364463806, 0.3096235990524292, 0.3078373968601227], "train_p_loss": [0.2470967024564743, 0.14878377318382263, 0.1383911371231079, 0.13204963505268097, 0.12360959500074387, 0.11995140463113785, 0.12332914024591446, 0.11310237646102905, 0.12530075013637543, 0.10918106883764267, 0.1180228441953659, 0.11190436035394669, 0.10930530726909637], "train_T_loss": [0.21081161499023438, 0.1331198811531067, 0.12878316640853882, 0.1260722130537033, 0.12630456686019897, 0.12203476577997208, 0.11855553835630417, 0.11470110714435577, 0.115073062479496, 0.11349643021821976, 0.10921145230531693, 0.11012803763151169, 0.10766422748565674], "train_rh_loss": [0.34980136156082153, 0.26460695266723633, 0.25434407591819763, 0.24389047920703888, 0.24015742540359497, 0.2349022477865219, 0.23288953304290771, 0.23271648585796356, 0.23073257505893707, 0.22997568547725677, 0.23028132319450378, 0.2278938740491867, 0.22458212077617645], "train_wv_loss": [0.6035848259925842, 0.5607074499130249, 0.5555495619773865, 0.5522321462631226, 0.5507498383522034, 0.5484124422073364, 0.5466528534889221, 0.5455909967422485, 0.5439013242721558, 0.5430784821510315, 0.5426385998725891, 0.5410447716712952, 0.540204644203186], "epoch": [0, 0, 1, 1, 2, 2, 3, 3, 4, 4, 5, 5, 6, 6, 7, 7, 8, 8, 9, 9, 10, 10, 11, 11, 12, 12, 12], "val_loss": [0.3470522463321686, 0.33201169967651367, 0.32172122597694397, 0.32047224044799805, 0.31811949610710144, 0.3143497109413147, 0.3175438344478607, 0.3121713101863861, 0.31564950942993164, 0.3146974444389343, 0.31366798281669617, 0.31340155005455017, 0.31252536177635193], "val_p_loss": [0.1453305184841156, 0.14042586088180542, 0.13079491257667542, 0.12735478579998016, 0.12420131266117096, 0.11019879579544067, 0.13872963190078735, 0.10867033153772354, 0.13539980351924896, 0.12991037964820862, 0.12060810625553131, 0.12073402851819992, 0.10833379626274109], "val_T_loss": [0.1845831423997879, 0.15941034257411957, 0.13718868792057037, 0.13461355865001678, 0.13751894235610962, 0.12817764282226562, 0.1258639693260193, 0.12131854891777039, 0.12023500353097916, 0.11916916817426682, 0.11616849154233932, 0.1151004433631897, 0.11707031726837158], "val_rh_loss": [0.2979319393634796, 0.2625933587551117, 0.24812521040439606, 0.2474929243326187, 0.24579155445098877, 0.23994894325733185, 0.24550922214984894, 0.2390744835138321, 0.24286837875843048, 0.24087758362293243, 0.23803408443927765, 0.23697160184383392, 0.23835477232933044], "val_wv_loss": [0.5651108622550964, 0.5583367347717285, 0.5504323244094849, 0.5502809882164001, 0.5451560616493225, 0.5454062223434448, 0.5429157614707947, 0.542786180973053, 0.5422713756561279, 0.5417881011962891, 0.5449950695037842, 0.5451576709747314, 0.545101523399353], "test_loss": [0.31024259328842163], "test_p_loss": [0.11156368255615234], "test_T_loss": [0.13179390132427216], "test_rh_loss": [0.23991157114505768], "test_wv_loss": [0.5350680947303772]}
Lowest training loss: 0.3078373968601227
Lowest validation loss: 0.3121713101863861
Test loss: [{'test_loss': 0.31024259328842163, 'test_p_loss': 0.11156368255615234, 'test_T_loss': 0.13179390132427216, 'test_rh_loss': 0.23991157114505768, 'test_wv_loss': 0.5350680947303772}]