Model: MLP(
  (fc1): Linear(in_features=68, out_features=64, bias=True)
  (fc2): Linear(in_features=64, out_features=64, bias=True)
  (fc3): Linear(in_features=64, out_features=32, bias=True)
  (fc4): Linear(in_features=32, out_features=4, bias=True)
  (dropout): Dropout(p=0.2, inplace=False)
)
{"train_loss": [0.40222156047821045, 0.3323061764240265, 0.3248637020587921, 0.31979191303253174, 0.31690070033073425, 0.3146997392177582, 0.3130544126033783, 0.31151533126831055, 0.31324100494384766, 0.30941981077194214, 0.30981889367103577, 0.308802992105484, 0.3074450194835663, 0.3085513412952423, 0.3077361285686493, 0.30656811594963074, 0.3062189221382141, 0.30664336681365967, 0.3041457235813141, 0.3040670156478882, 0.30347445607185364, 0.30217936635017395], "train_p_loss": [0.24477869272232056, 0.1430187225341797, 0.1333470195531845, 0.12396619468927383, 0.1238226369023323, 0.11756477504968643, 0.11682508885860443, 0.11414042860269547, 0.12288413941860199, 0.10979573428630829, 0.11161177605390549, 0.1119738519191742, 0.10388361662626266, 0.11057884246110916, 0.10754241049289703, 0.1041201502084732, 0.10394927114248276, 0.10700968652963638, 0.09997441619634628, 0.09865665435791016, 0.09981481730937958, 0.09911016374826431], "train_T_loss": [0.194832444190979, 0.13732050359249115, 0.130710169672966, 0.12518833577632904, 0.11692731082439423, 0.11400983482599258, 0.11201469600200653, 0.1101263239979744, 0.11294867843389511, 0.10921473056077957, 0.11151538789272308, 0.1099613755941391, 0.11068101227283478, 0.1115725189447403, 0.11162737011909485, 0.10977189242839813, 0.10892491787672043, 0.11224592477083206, 0.10545151680707932, 0.10623890906572342, 0.10463209450244904, 0.10147165507078171], "train_rh_loss": [0.34646251797676086, 0.2624489665031433, 0.24883383512496948, 0.24002861976623535, 0.23444326221942902, 0.23304957151412964, 0.22972717881202698, 0.2280116081237793, 0.22973354160785675, 0.22535014152526855, 0.2258669137954712, 0.22375600039958954, 0.2236836552619934, 0.22298623621463776, 0.22273045778274536, 0.2217443883419037, 0.22188715636730194, 0.2200058400630951, 0.21881426870822906, 0.21986819803714752, 0.21912404894828796, 0.21644356846809387], "train_wv_loss": [0.6050587296485901, 0.5600118637084961, 0.5553421378135681, 0.5522803068161011, 0.5506747961044312, 0.5488489270210266, 0.5474424958229065, 0.5460023283958435, 0.5447760224342346, 0.5437784790992737, 0.543125569820404, 0.5418888926506042, 0.5412238836288452, 0.5411429405212402, 0.5403661131858826, 0.539682149887085, 0.5390916466712952, 0.5385866165161133, 0.5380464792251587, 0.5374568104743958, 0.5364827513694763, 0.5358846187591553], "epoch": [0, 0, 1, 1, 2, 2, 3, 3, 4, 4, 5, 5, 6, 6, 7, 7, 8, 8, 9, 9, 10, 10, 11, 11, 12, 12, 13, 13, 14, 14, 15, 15, 16, 16, 17, 17, 18, 18, 19, 19, 20, 20, 21, 21, 21], "val_loss": [0.3413792848587036, 0.32603421807289124, 0.32118409872055054, 0.31950128078460693, 0.3198801875114441, 0.3174247443675995, 0.31823232769966125, 0.31499651074409485, 0.3137834072113037, 0.31406858563423157, 0.3146112561225891, 0.3158990144729614, 0.31323033571243286, 0.3133867681026459, 0.31315770745277405, 0.3137599527835846, 0.3126627802848816, 0.3138585090637207, 0.31378352642059326, 0.3145011067390442, 0.3137156069278717, 0.31559649109840393], "val_p_loss": [0.15660710632801056, 0.11908446252346039, 0.120933897793293, 0.11799658834934235, 0.12069638818502426, 0.1222924068570137, 0.12671557068824768, 0.11649871617555618, 0.12072621285915375, 0.11318723857402802, 0.11523135006427765, 0.11508826166391373, 0.11448594927787781, 0.11482349038124084, 0.10832011699676514, 0.10995366424322128, 0.10532044619321823, 0.10372069478034973, 0.10820509493350983, 0.10437667369842529, 0.10051722824573517, 0.10448845475912094], "val_T_loss": [0.1806376874446869, 0.1570083647966385, 0.13524414598941803, 0.1356063187122345, 0.1354174017906189, 0.12270765751600266, 0.12322697043418884, 0.12038258463144302, 0.12299316376447678, 0.1298796385526657, 0.1307302564382553, 0.13884736597537994, 0.1306266486644745, 0.1263389140367508, 0.12788790464401245, 0.12730930745601654, 0.11828749626874924, 0.12360915541648865, 0.11874979734420776, 0.12410516291856766, 0.13402457535266876, 0.13398826122283936], "val_rh_loss": [0.27329862117767334, 0.26435136795043945, 0.2569485008716583, 0.2546643316745758, 0.2530762553215027, 0.24883191287517548, 0.24801373481750488, 0.24147002398967743, 0.2365506887435913, 0.23533372581005096, 0.2357928454875946, 0.23607441782951355, 0.2304801195859909, 0.233516663312912, 0.23317426443099976, 0.23269306123256683, 0.23208066821098328, 0.23184911906719208, 0.23577135801315308, 0.23091578483581543, 0.22797825932502747, 0.22720380127429962], "val_wv_loss": [0.5614362359046936, 0.5484886765480042, 0.5480345487594604, 0.5457687973976135, 0.5459124445915222, 0.5444969534873962, 0.5442916750907898, 0.5448500514030457, 0.5432112812995911, 0.5441527962684631, 0.5440999865531921, 0.5446224808692932, 0.5444461703300476, 0.5441610813140869, 0.5447938442230225, 0.5462971925735474, 0.548200249671936, 0.5506296753883362, 0.5486142039299011, 0.5522275567054749, 0.5500683188438416, 0.5538861751556396], "test_loss": [0.31275469064712524], "test_p_loss": [0.0983024463057518], "test_T_loss": [0.12885895371437073], "test_rh_loss": [0.2388509213924408], "test_wv_loss": [0.545089840888977]}
Lowest training loss: 0.30217936635017395
Lowest validation loss: 0.3126627802848816
Test loss: [{'test_loss': 0.31275469064712524, 'test_p_loss': 0.0983024463057518, 'test_T_loss': 0.12885895371437073, 'test_rh_loss': 0.2388509213924408, 'test_wv_loss': 0.545089840888977}]