Model: MLP(
  (fc1): Linear(in_features=68, out_features=64, bias=True)
  (fc2): Linear(in_features=64, out_features=64, bias=True)
  (fc3): Linear(in_features=64, out_features=32, bias=True)
  (fc4): Linear(in_features=32, out_features=4, bias=True)
  (dropout): Dropout(p=0.2, inplace=False)
)
{"train_loss": [0.4044542610645294, 0.3301018476486206, 0.322369247674942, 0.3193539083003998, 0.31778308749198914, 0.31538155674934387, 0.3138572871685028, 0.31285661458969116, 0.3119829595088959, 0.311465322971344, 0.3081732392311096, 0.30750465393066406, 0.3068617880344391, 0.3061493933200836, 0.30592793226242065, 0.30486708879470825, 0.30455461144447327, 0.30352306365966797], "train_p_loss": [0.25336045026779175, 0.1418776661157608, 0.12820181250572205, 0.12546226382255554, 0.1261063665151596, 0.12142414599657059, 0.11786877363920212, 0.11472193896770477, 0.11541660875082016, 0.11667955666780472, 0.11004553735256195, 0.10924895107746124, 0.10813503712415695, 0.10841652750968933, 0.10803218930959702, 0.10175316035747528, 0.10436628013849258, 0.09954992681741714], "train_T_loss": [0.20384177565574646, 0.13589449226856232, 0.12805260717868805, 0.12526212632656097, 0.1206514984369278, 0.11732793599367142, 0.11493358761072159, 0.11537036299705505, 0.1157730296254158, 0.11266517639160156, 0.10751313716173172, 0.10811594873666763, 0.10953390598297119, 0.1082252487540245, 0.10923387110233307, 0.10761687159538269, 0.10842709988355637, 0.10577346384525299], "train_rh_loss": [0.3508821725845337, 0.2597334384918213, 0.24481330811977386, 0.23823140561580658, 0.23558571934700012, 0.2328290045261383, 0.23179306089878082, 0.23239973187446594, 0.22978946566581726, 0.2281421571969986, 0.2242095023393631, 0.22330555319786072, 0.22132572531700134, 0.2203158587217331, 0.22041623294353485, 0.22226010262966156, 0.2189081758260727, 0.22016476094722748], "train_wv_loss": [0.5993013978004456, 0.5584128499031067, 0.5544490218162537, 0.5520338416099548, 0.5506265759468079, 0.5481468439102173, 0.5470765233039856, 0.5453047156333923, 0.5436314940452576, 0.5426761507987976, 0.541803240776062, 0.5406516194343567, 0.5399237275123596, 0.5388703942298889, 0.5377281308174133, 0.5371672511100769, 0.536584198474884, 0.5361523628234863], "epoch": [0, 0, 1, 1, 2, 2, 3, 3, 4, 4, 5, 5, 6, 6, 7, 7, 8, 8, 9, 9, 10, 10, 11, 11, 12, 12, 13, 13, 14, 14, 15, 15, 16, 16, 17, 17, 17], "val_loss": [0.3491203486919403, 0.33075112104415894, 0.32390138506889343, 0.32356756925582886, 0.32354697585105896, 0.32312512397766113, 0.32019317150115967, 0.32037922739982605, 0.31628894805908203, 0.3145807385444641, 0.3122800886631012, 0.3109021782875061, 0.30864861607551575, 0.30976882576942444, 0.31078261137008667, 0.31097275018692017, 0.3108330965042114, 0.31020936369895935], "val_p_loss": [0.14419689774513245, 0.12398157268762589, 0.11886271089315414, 0.1332167237997055, 0.1382705122232437, 0.14225506782531738, 0.14143745601177216, 0.15669815242290497, 0.14187277853488922, 0.13889990746974945, 0.12720227241516113, 0.10868731141090393, 0.10181615501642227, 0.10687162727117538, 0.10848353803157806, 0.10637203603982925, 0.10325959324836731, 0.10018819570541382], "val_T_loss": [0.1905118227005005, 0.15440896153450012, 0.1401444971561432, 0.13133607804775238, 0.12532389163970947, 0.11993972957134247, 0.1160295382142067, 0.11543536186218262, 0.1095685064792633, 0.10897839814424515, 0.10484138131141663, 0.10539765655994415, 0.10500431805849075, 0.10374532639980316, 0.10489200055599213, 0.10520938783884048, 0.10142422467470169, 0.10126668214797974], "val_rh_loss": [0.30038055777549744, 0.2745418846607208, 0.2624654471874237, 0.26446104049682617, 0.2610875070095062, 0.26300981640815735, 0.2541615962982178, 0.24692687392234802, 0.2412659227848053, 0.24111102521419525, 0.23787344992160797, 0.23431627452373505, 0.23170782625675201, 0.23310312628746033, 0.23649780452251434, 0.2368796467781067, 0.23421664535999298, 0.2338675558567047], "val_wv_loss": [0.5659031867980957, 0.5535144209861755, 0.5504567623138428, 0.546840488910675, 0.5486778020858765, 0.5468276143074036, 0.5458236932754517, 0.5447697639465332, 0.5444469451904297, 0.5416436791419983, 0.5426783561706543, 0.5461587309837341, 0.54386967420578, 0.544914722442627, 0.5451009273529053, 0.5458008646965027, 0.5485545992851257, 0.5479897260665894], "test_loss": [0.30621466040611267], "test_p_loss": [0.10180366784334183], "test_T_loss": [0.10562904924154282], "test_rh_loss": [0.23429536819458008], "test_wv_loss": [0.5380625128746033]}
Lowest training loss: 0.30352306365966797
Lowest validation loss: 0.30864861607551575
Test loss: [{'test_loss': 0.30621466040611267, 'test_p_loss': 0.10180366784334183, 'test_T_loss': 0.10562904924154282, 'test_rh_loss': 0.23429536819458008, 'test_wv_loss': 0.5380625128746033}]