Model: CNN(
  (conv1): Conv1d(17, 32, kernel_size=(2,), stride=(1,))
  (conv2): Conv1d(32, 64, kernel_size=(2,), stride=(1,))
  (pooling): MaxPool1d(kernel_size=2, stride=2, padding=0, dilation=1, ceil_mode=False)
  (fc): Linear(in_features=64, out_features=32, bias=True)
  (fc2): Linear(in_features=32, out_features=4, bias=True)
)
{"train_loss": [0.4351496994495392, 0.3452655076980591, 0.33485305309295654, 0.33076268434524536, 0.3274250328540802, 0.3251861035823822, 0.3227860629558563, 0.3214245140552521, 0.3194679021835327, 0.3180592656135559, 0.31684619188308716, 0.3154867887496948, 0.314889132976532, 0.3141057789325714, 0.31330206990242004, 0.31272077560424805, 0.31202512979507446, 0.31128618121147156, 0.31071603298187256, 0.31084057688713074], "train_p_loss": [0.25984323024749756, 0.1566934734582901, 0.14063024520874023, 0.13872075080871582, 0.1357896327972412, 0.13146881759166718, 0.1269187182188034, 0.12278058379888535, 0.1200445294380188, 0.1185849979519844, 0.11645697057247162, 0.11447516828775406, 0.11377758532762527, 0.11351879686117172, 0.11159992963075638, 0.11144213378429413, 0.10889105498790741, 0.10823717713356018, 0.10693977773189545, 0.10705472528934479], "train_T_loss": [0.22483813762664795, 0.15258336067199707, 0.14435826241970062, 0.13893741369247437, 0.13297010958194733, 0.13177716732025146, 0.1280869096517563, 0.12608715891838074, 0.1223641112446785, 0.11991503089666367, 0.1181027963757515, 0.11527036130428314, 0.11395525932312012, 0.11310270428657532, 0.11251796036958694, 0.11327959597110748, 0.11392056941986084, 0.11243308335542679, 0.11221589148044586, 0.11295276880264282], "train_rh_loss": [0.4072197377681732, 0.2796323299407959, 0.26056236028671265, 0.2530710697174072, 0.24913185834884644, 0.24570278823375702, 0.24362970888614655, 0.2434309720993042, 0.24081064760684967, 0.23868168890476227, 0.2379622757434845, 0.23617562651634216, 0.23589856922626495, 0.23451724648475647, 0.23420500755310059, 0.2323928326368332, 0.23167020082473755, 0.23156854510307312, 0.23065559566020966, 0.23193393647670746], "train_wv_loss": [0.6310473680496216, 0.5740982294082642, 0.567509651184082, 0.5639401078224182, 0.5609927177429199, 0.5588778257369995, 0.5567812919616699, 0.5555164217948914, 0.5542028546333313, 0.5530790090560913, 0.5515831112861633, 0.5507010221481323, 0.5497881174087524, 0.5488426089286804, 0.5477484464645386, 0.5472009181976318, 0.5464534759521484, 0.545314610004425, 0.5448886752128601, 0.5443362593650818], "epoch": [0, 0, 1, 1, 2, 2, 3, 3, 4, 4, 5, 5, 6, 6, 7, 7, 8, 8, 9, 9, 10, 10, 11, 11, 12, 12, 13, 13, 14, 14, 15, 15, 16, 16, 17, 17, 18, 18, 19, 19, 19], "val_loss": [0.36296749114990234, 0.34413084387779236, 0.3395828604698181, 0.33331847190856934, 0.33102115988731384, 0.329384446144104, 0.3248457908630371, 0.321367472410202, 0.31881067156791687, 0.3181455731391907, 0.3196418881416321, 0.3164754807949066, 0.3171183168888092, 0.31705254316329956, 0.3154993951320648, 0.3166828751564026, 0.31742796301841736, 0.31874045729637146, 0.31799134612083435, 0.3190368711948395], "val_p_loss": [0.1570609211921692, 0.1358453631401062, 0.14655479788780212, 0.1514396220445633, 0.14893050491809845, 0.1406267285346985, 0.12859930098056793, 0.11066807061433792, 0.1035032793879509, 0.10669779032468796, 0.10328677296638489, 0.10079005360603333, 0.1019538938999176, 0.10798035562038422, 0.09976884722709656, 0.10225215554237366, 0.10256966948509216, 0.10435294359922409, 0.1036333292722702, 0.10196725279092789], "val_T_loss": [0.18653957545757294, 0.17537032067775726, 0.1689397096633911, 0.1607595533132553, 0.15439145267009735, 0.16157416999340057, 0.14850279688835144, 0.13997779786586761, 0.1332220584154129, 0.1309831738471985, 0.1275380700826645, 0.13410678505897522, 0.13727876543998718, 0.13672319054603577, 0.133316770195961, 0.13391967117786407, 0.1388317495584488, 0.14011609554290771, 0.14236795902252197, 0.14382196962833405], "val_rh_loss": [0.3102136254310608, 0.27676185965538025, 0.267335444688797, 0.2622927129268646, 0.25891122221946716, 0.2565360963344574, 0.25514155626296997, 0.25451186299324036, 0.2555144429206848, 0.2535362243652344, 0.2513279914855957, 0.24993222951889038, 0.249296635389328, 0.24825268983840942, 0.24754078686237335, 0.2469945251941681, 0.24837110936641693, 0.2474515587091446, 0.2465994954109192, 0.24559375643730164], "val_wv_loss": [0.5937365889549255, 0.5764331817626953, 0.569550633430481, 0.5582376718521118, 0.557359516620636, 0.5548878312110901, 0.5528524518013, 0.5522387027740479, 0.5492194294929504, 0.5485986471176147, 0.5556419491767883, 0.547193706035614, 0.5475868582725525, 0.5466780066490173, 0.5462735891342163, 0.5485970377922058, 0.5478820204734802, 0.5504220128059387, 0.5485266447067261, 0.5512430667877197], "test_loss": [0.31195855140686035], "test_p_loss": [0.09713900089263916], "test_T_loss": [0.1449330896139145], "test_rh_loss": [0.24036195874214172], "test_wv_loss": [0.5394231677055359]}
Lowest training loss: 0.31071603298187256
Lowest validation loss: 0.3154993951320648
Test loss: [{'test_loss': 0.31195855140686035, 'test_p_loss': 0.09713900089263916, 'test_T_loss': 0.1449330896139145, 'test_rh_loss': 0.24036195874214172, 'test_wv_loss': 0.5394231677055359}]